acc-tight4  0 476375 0 2
acc-tight5  0 527084 0 2
acc-tight6  0 535837 0 1
air04  196 4509 77704 123
circ10-3  0 17838 488 11
cov1075  0 102962 21 0
datt256  0 580 264 289
ex1010-pi  0 12449 420 0
ex10  0 804 105 104
ex9  0 2335 80 73
f2000  0 3917594 2002 4
go19  0 609816 86 0
hanoi5  0 3316766 1932 4
iis-100-0-cov  0 12425 29 0
iis-bupa-cov  0 6851 38 0
iis-pima-cov  0 2835 38 0
m100n500k4r1  0 429893 -23 0
methanosarcina  0 3254 5046 0
macrophage  0 14878 524 0
mspp16  31 0 451 0
n3div36  0 6057 480400 0
n3seq24  0 1772 841200 0
neos-1109824  0 72777 416 0
neos-1337307  126 193082 -207908 21
neos-1440225  0 174623 36 16
neos-1616732  0 347103 159 0
neos-1620770  35 740181003 22 1
neos18  0 20270 22 0
neos-631710  0 3210 555 0
neos-777800  1 185165 -80 10
neos808444  148 8993 0 53
neos-849702  228 46209 0 27
neos-941313  0 3322 19617 28
netdiversion  0 685 5713042 3112
ns1663818  0 0 0 160
ns1688347  87 39057 35 7
ns1696083  0 62761 2 8
ns1853823  9702 179402 504000 0
ns894236  1980 247976 18 51
ns894244  2228 37533 16 69
ns894786  4721 32703 14 49
ns894788  527 299890 7 35
ns903616  3094 86317 22 56
opm2-z10-s2  0 556 -9297 0
opm2-z11-s8  0 1172 -16601 0
opm2-z12-s14  0 840 -18861 0
opm2-z12-s7  0 909 -22116 0
opm2-z7-s2  0 1503 -3695 0
pb-simp-nonunif  438 361 97 0
protfold  35 3492382 -11 2
p6b  0 90996 -59 0
queens-30  0 6508 -38 0
ramos3  0 23574 258 0
seymour  0 25988 436 0
sts405  0 3941 345 0
sts729  0 1031 651 0
tanglegram1  0 9045 7495 0
tanglegram2  0 15946 2009 0
toll-like  0 11568 1019 0
t1717  0 1243 456662 46
t1722  169 2761 395517 35
vpphard2  0 881 707 113
vpphard  0 1150 315 52
wnq-n100-mw99-14  0 371 3688 0
