acc-tight4  0 50167 0 49
acc-tight5  0 123098 0 37
acc-tight6  0 156269 0 38
air04  196 24734 80974 138
circ10-3  0 5181 428 42
cov1075  0 129589 21 0
datt256  0 960 202 319
ex1010-pi  0 24449 374 0
ex10  0 1490 89 100
ex9  0 3687 75 82
f2000  0 71438 1723 86
go19  0 2634772 95 0
hanoi5  0 80190 1925 40
iis-100-0-cov  0 116029 29 0
iis-bupa-cov  0 91671 41 0
iis-pima-cov  0 24691 38 0
m100n500k4r1  0 2883542 -23 0
methanosarcina  0 43335 3311 0
macrophage  0 192887 567 0
mspp16  31 0 440 1
n3div36  0 6283 227400 0
n3seq24  0 824 660200 0
neos-1109824  0 28204 625 4
neos-1337307  126 69910 -201798 18
neos-1440225  0 633234 36 61
neos-1616732  0 1211533 159 0
neos-1620770  35 110524 19 0
neos18  0 296621 18 0
neos-631710  0 2119 555 10
neos-777800  1 102019 -80 4
neos808444  148 8915 0 155
neos-849702  228 141917 0 20
neos-941313  0 900 13680 84
netdiversion  0 1014 5712891 3470
ns1663818  0 0 0 160
ns1688347  87 58697 1 23
ns1696083  0 13771 0 6
ns1853823  9702 1044 504000 0
ns894236  1980 89528 18 43
ns894244  2228 31944 6 88
ns894786  4721 26014 4 50
ns894788  527 616378 7 27
ns903616  3094 32832 2 65
opm2-z10-s2  0 10452 -24480 0
opm2-z11-s8  0 3986 -21746 0
opm2-z12-s14  0 2367 -24037 0
opm2-z12-s7  0 2188 -23403 0
opm2-z7-s2  0 30010 -8152 0
pb-simp-nonunif  438 2755 97 0
protfold  35 173955 -8 12
p6b  0 135120 -56 0
queens-30  0 80702 -37 0
ramos3  0 179009 273 0
seymour  0 187862 449 0
sts405  0 20542 348 0
sts729  0 10790 651 0
tanglegram1  0 16088 7541 0
tanglegram2  0 92616 554 0
toll-like  0 128277 877 0
t1717  0 3495 535378 32
t1722  169 11085 366638 36
vpphard2  0 905 530 225
vpphard  0 5401 179 83
wnq-n100-mw99-14  0 1753 5005 0
