acc-tight4  0 7883990 0 3
acc-tight5  0 7986211 0 10
acc-tight6  0 8008028 0 7
air04  196 207078 76428 93
circ10-3  0 243144 470 8
cov1075  0 99555 21 0
datt256  0 153905 258 101
ex1010-pi  0 8189 449 0
ex10  0 39155 99 62
ex9  0 75425 81 42
f2000  0 10475255 1971 50
go19  0 527525 86 0
hanoi5  0 11871831 1934 20
iis-100-0-cov  0 33278 29 0
iis-bupa-cov  0 16437 38 0
iis-pima-cov  0 6806 35 0
m100n500k4r1  0 449501 -23 0
methanosarcina  0 9835 5046 0
macrophage  0 35803 508 0
mspp16  31 0 451 0
n3div36  0 6160 480400 0
n3seq24  0 1465 841200 0
neos-1109824  0 70641 808 5
neos-1337307  126 694423 -201273 427
neos-1440225  0 3484127 36 6
neos-1616732  0 277059 159 0
neos-1620770  35 11363096 18 1
neos18  0 10196 22 0
neos-631710  0 9978 555 0
neos-777800  1 14719 -80 0
neos808444  148 3933914 0 31
neos-849702  228 987431 0 15
neos-941313  0 5668704 19010 10
netdiversion  0 9773710 5714768 20
ns1663818  0 0 0 160
ns1688347  87 111441 35 6
ns1696083  0 61680 53 4
ns1853823  9702 4041 504000 0
ns894236  1980 1415963 18 34
ns894244  2228 983731 16 49
ns894786  4721 1390731 14 29
ns894788  527 1556360 7 14
ns903616  3094 783520 22 41
opm2-z10-s2  0 1040 -9297 0
opm2-z11-s8  0 1097 -10921 0
opm2-z12-s14  0 1088 -14557 0
opm2-z12-s7  0 1408 -15398 0
opm2-z7-s2  0 4144 -3695 0
pb-simp-nonunif  438 523 97 0
protfold  35 880685 -14 3
p6b  0 79578 -59 0
queens-30  0 3124 -38 0
ramos3  0 22563 258 0
seymour  0 7780 446 0
sts405  0 1786 347 0
sts729  0 253 652 0
tanglegram1  0 4899 7516 0
tanglegram2  0 7175 2009 0
toll-like  0 57839 931 0
t1717  0 96904 416368 22
t1722  169 81574 315879 25
vpphard2  0 189071 752 28
vpphard  0 294746 328 5
wnq-n100-mw99-14  0 781 2411 0
