acc-tight4 1620 3285 0 0.030000 NA NA 50167 0 49 0 0
acc-tight5 1339 3052 0 0.020000 NA NA 123098 0 37 0 0
acc-tight6 1335 3047 0 0.030000 NA NA 156269 0 38 0 0
air04 8904 823 25 0.840000 NA NA 24734 80974 172 56137 56137 
circ10-3 2700 42620 0 0.590000 NA NA 5181 428 42 NA NA
cov1075 120 637 100 0.010000 0.010000 42 129589 21 0 20 20
datt256 262144 11077 0 25.350000 NA NA 960 202 332 NA NA
ex1010-pi 25200 1468 100 1.610000 1.610000 742 24449 374 0 244 NA
ex10 17680 69608 0 4.610000 NA NA 1490 89 101 100 100
ex9 10404 40962 0 1.630000 NA NA 3687 75 82 81 81
f2000 4000 10500 50 0.070000 NA NA 71438 1723 86 NA NA
go19 441 441 100 0.000000 0.000000 147 2634772 95 0 84 84
hanoi5 3862 16399 50 0.080000 NA NA 80190 1925 40 NA 1931
iis-100-0-cov 100 3831 100 0.020000 0.020000 59 116029 29 0 29 29
iis-bupa-cov 345 4803 100 0.030000 0.030000 129 91671 41 0 36 36
iis-pima-cov 768 7201 100 0.090000 0.090000 214 24691 38 0 33 33
m100n500k4r1 500 100 100 0.000000 0.000000 0 2883542 -23 0 -24 -25
methanosarcina 7930 14604 100 0.180000 0.180000 5046 43335 3311 0 2916 NA
macrophage 2260 3164 100 0.030000 0.030000 609 192887 567 0 374 374
mspp16 29280 561657 50 68.950000 NA NA 0 440 1 418 363
n3div36 22120 4484 100 5.890000 5.890000 480400 6283 227400 0 132800 130800
n3seq24 119856 6044 0 34.180000 841200 824 660200 0 0 52200 52200
neos-1109824 1520 28979 0 0.130000 NA NA 28204 625 4 378 378
neos-1337307 2840 5687 50 0.050000 NA NA 69910 -201798 18 -202319
neos-1440225 1285 330 0 0.010000 NA NA 633234 36 62 36 36
neos-1616732 200 1999 100 0.000000 0.000000 176 1211533 159 0 161 159 
neos-1620770 792 9296 50 0.020000 22 110524 19 0 0 9 9
neos18 3312 11402 100 0.030000 0.030000 22 296621 18 0 16 16
neos-631710 167056 169576 0 21.280000 NA NA 2119 555 10 203 203 
neos-777800 6400 479 50 0.230000 NA NA 102019 -80 4 -80 -80
neos808444 19846 18329 50 1.680000 NA NA 8915 0 187 0 0
neos-849702 1737 1041 25 0.050000 NA NA 141917 0 22 NA 0
neos-941313 167910 13189 0 30.730000 NA NA 900 13680 137 9361 9361
netdiversion 129180 119589 0 31.140000 NA NA 1014 5712891 3502 400 242
ns1663818 124626 172017 0 52.060000 NA NA 0 0 165 NA 86
ns1688347 2685 4191 25 0.110000 NA NA 58697 1 26 270 27
ns1696083 7982 11063 0 0.500000 NA NA 13771 0 6 NA 45
ns1853823 213440 224526 100 3.230000 3.230000 504000 1044 504000 0 467000 NA
ns894236 9666 8218 50 0.070000 NA NA 89528 18 48 NA NA
ns894244 21856 12129 25 0.800000 NA NA 31944 6 167 NA 15 
ns894786 27278 16794 50 0.330000 NA NA 26014 4 77 NA NA
ns894788 3463 2279 50 0.020000 NA NA 616378 7 31 NA 7
ns903616 21582 18052 25 0.800000 NA NA 32832 2 129 NA NA
opm2-z10-s2 6250 160633 100 0.740000 0.740000 0 10452 -24480 0 -24373 -33826
opm2-z11-s8 8019 223082 100 1.340000 1.340000 0 3986 -21746 0 -31311 -43485
opm2-z12-s14 10800 319508 100 2.070000 2.070000 0 2367 -24037 0 -43598 -64291
opm2-z12-s7 10800 319508 100 2.280000 2.280000 0 2188 -23403 0 -43139 -65514
opm2-z7-s2 2023 31798 100 0.140000 0.140000 0 30010 -8152 0 -10280 -10280
pb-simp-nonunif 23848 1451912 100 5.330000 5.330000 97 2755 97 0 140 NA
protfold 1835 2112 25 0.040000 NA NA 173955 -8 12 -19 -31
p6b 462 5852 100 0.010000 0.010000 0 135120 -56 0 -63 -63
queens-30 900 960 100 0.090000 0.090000 0 80702 -37 0 -37 -40
ramos3 2187 2187 100 0.030000 0.030000 471 179009 273 0 255 NA
seymour 1372 4944 100 0.020000 0.020000 547 187862 449 0 424 423
sts405 405 27270 100 0.110000 0.110000 355 20542 348 0 347 NA
sts729 729 88452 100 0.400000 0.400000 661 10790 651 0 651 NA
tanglegram1 34759 68342 100 1.920000 1.920000 7813 16088 7541 0 5182 5182
tanglegram2 4714 8980 100 0.070000 0.070000 2140 92616 554 0 443 443
toll-like 2883 4408 100 0.050000 0.050000 1155 128277 877 0 627 610 
t1717 73885 551 0 30.410000 NA NA 3495 535378 33 238901 NA 
t1722 36630 338 50 7.860000 NA NA 11085 366638 50 136540 NA
vpphard2 199999 198450 0 8.290000 NA NA 905 530 240 81 81
vpphard 51471 47280 0 1.400000 NA NA 5401 179 86 9 5
wnq-n100-mw99-14 10000 656900 50 4.230000 5655 1753 5005 0 284 259 
