air04  74604 159 1
cov1075  42 0 0.03
ex1010-pi  742 0 1.93
f2000  1854 252 0.34
go19  147 0 0
hanoi5  1943 106 0.3
iis-100-0-cov  59 0 0.05
iis-bupa-cov  129 0 0.07
iis-pima-cov  214 0 0.13
m100n500k4r1  -20 0 0
methanosarcina  5046 0 0.24
macrophage  609 0 0.04
mspp16  429 8 102.48
n3div36  480400 0 4.75
neos-1337307  -201275 326 0.13
neos-1616732  176 0 0.02
neos-1620770  12 10 0.05
neos18  22 0 0.06
neos-777800  -80 13 0.26
neos808444  0 156 1.61
neos-849702  0 69 0.05
ns1688347  16 52 0.16
ns1853823  504000 0 5.05
ns894236  4 63 0.12
ns894244  1 92 0.89
ns894786  3 41 0.48
ns894788  2 41 0.03
ns903616  1 76 1.13
opm2-z10-s2  -8991 0 2.96
opm2-z11-s8  -10450 0 2.37
opm2-z12-s14  -13468 0 3.42
opm2-z12-s7  -14425 0 3.41
opm2-z7-s2  -3685 0 0.29
pb-simp-nonunif  97 0 9.93
protfold  -10 28 0.06
p6b  -46 0 0.02
queens-30  -32 0 0.15
ramos3  471 0 0.05
seymour  547 0 0.05
sts405  355 0 0.21
sts729  661 0 0.82
tanglegram1  7813 0 2.73
tanglegram2  2140 0 0.12
toll-like  1155 0 0.06
t1722  323829 33 8.8
wnq-n100-mw99-14  5997 3 9.37
air04  71795 151 0.18
cov1075  27 0 0.02
ex1010-pi  476 0 0.25
f2000  1812 219 0.14
go19  109 0 0
hanoi5  1925 144 0.13
iis-100-0-cov  42 0 0.04
iis-bupa-cov  59 0 0.06
iis-pima-cov  63 0 0.12
m100n500k4r1  -19 0 0
methanosarcina  3460 0 0.13
macrophage  653 0 0.02
mspp16  495 7 128.28
n3div36  322000 0 0.77
neos-1337307  -370546 105 0.06
neos-1616732  172 0 0.01
neos-1620770  22 2 0.05
neos18  20 11 0.06
neos-777800  -80 19 0.07
neos808444  0 795 0.46
neos-849702  0 72 0.03
ns1688347  28 35 0.11
ns1853823  3810000 526 8.77
ns894236  18 361 0.11
ns894244  16 477 0.28
ns894786  14 893 0.41
ns894788  7 92 0.03
ns903616  22 714 0.31
opm2-z10-s2  -16939 0 1.64
opm2-z11-s8  -18885 0 2.3
opm2-z12-s14  -26292 0 3.33
opm2-z12-s7  -24963 0 3.6
opm2-z7-s2  -5506 0 0.31
pb-simp-nonunif  26 440 17.09
protfold  -96 67 0.04
p6b  -49 0 0.03
queens-30  -33 0 0.15
ramos3  312 0 0.04
seymour  497 0 0.06
sts405  355 0 0.31
sts729  660 0 1.06
tanglegram1  10727 0 0.85
tanglegram2  1294 0 0.08
toll-like  924 0 0.04
t1722  285786 39 0.49
wnq-n100-mw99-14  5730 4 7.38
