air04  74604 159 1
cov1075  42 0 0.03
ex1010-pi  742 0 1.93
f2000  1854 252 0.34
go19  147 0 0
hanoi5  1943 106 0.3
iis-100-0-cov  59 0 0.05
iis-bupa-cov  129 0 0.07
iis-pima-cov  214 0 0.13
m100n500k4r1  -20 0 0
methanosarcina  5046 0 0.24
macrophage  609 0 0.04
mspp16  429 8 102.48
n3div36  480400 0 4.75
neos-1337307  -201275 326 0.13
neos-1616732  176 0 0.02
neos-1620770  12 10 0.05
neos18  22 0 0.06
neos-777800  -80 13 0.26
neos808444  0 156 1.61
neos-849702  0 69 0.05
ns1688347  16 52 0.16
ns1853823  504000 0 5.05
ns894236  4 63 0.12
ns894244  1 92 0.89
ns894786  3 41 0.48
ns894788  2 41 0.03
ns903616  1 76 1.13
opm2-z10-s2  -8991 0 2.96
opm2-z11-s8  -10450 0 2.37
opm2-z12-s14  -13468 0 3.42
opm2-z12-s7  -14425 0 3.41
opm2-z7-s2  -3685 0 0.29
pb-simp-nonunif  97 0 9.93
protfold  -10 28 0.06
p6b  -46 0 0.02
queens-30  -32 0 0.15
ramos3  471 0 0.05
seymour  547 0 0.05
sts405  355 0 0.21
sts729  661 0 0.82
tanglegram1  7813 0 2.73
tanglegram2  2140 0 0.12
toll-like  1155 0 0.06
t1722  323829 33 8.8
wnq-n100-mw99-14  5997 3 9.37
air04  64596 160 0.3
cov1075  26 0 0.04
ex1010-pi  483 0 0.49
f2000  1801 210 0.35
go19  110 0 0.01
hanoi5  1933 167 0.5
iis-100-0-cov  38 0 0.04
iis-bupa-cov  69 0 0.07
iis-pima-cov  72 0 0.14
m100n500k4r1  -20 0 0
methanosarcina  3241 0 0.17
macrophage  481 0 0.02
mspp16  473 12 94.1
n3div36  288000 0 0.7
neos-1337307  -201275 476 0.06
neos-1616732  171 0 0.01
neos-1620770  0 35 0.05
neos18  6 29 0.07
neos-777800  -80 16 0.08
neos808444  0 150 0.24
neos-849702  0 73 0.02
ns1688347  1 8 0.13
ns1853823  0 924 3.37
ns894236  0 80 0.09
ns894244  0 138 0.18
ns894786  0 69 0.24
ns894788  0 64 0.03
ns903616  0 127 0.2
opm2-z10-s2  -8991 0 1.34
opm2-z11-s8  -10450 0 1.89
opm2-z12-s14  -13468 0 5.94
opm2-z12-s7  -14425 0 4.59
opm2-z7-s2  -3685 0 0.49
protfold  -5 27 0.03
p6b  -46 0 0.03
queens-30  -32 0 0.13
ramos3  315 0 0.04
seymour  482 0 0.06
sts405  355 0 0.27
sts729  656 0 1.14
tanglegram1  5739 0 0.85
tanglegram2  1083 0 0.08
toll-like  817 0 0.03
t1722  281870 43 0.4
wnq-n100-mw99-14  5480 4 7.03
