acc-tight4 1620 3285 0 0.010000 NA NA 7883990 0 3 0 0
acc-tight5 1339 3052 0 0.010000 NA NA 7986211 0 10 0 0
acc-tight6 1335 3047 0 0.010000 NA NA 8008028 0 7 0 0
air04 8904 823 25 0.800000 NA NA 207078 76428 120  56137 56137 
circ10-3 2700 42620 0 0.410000 NA NA 243144 470 8 NA NA
cov1075 120 637 100 0.010000 0.010000 42 99555 21 0 20 20
datt256 262144 11077 0 24.550000 NA NA 153905 258 101 NA NA
ex1010-pi 25200 1468 100 1.720000 1.720000 742 8189 449 0 244 NA
ex10 17680 69608 0 5.440000 NA NA 39155 99 63 100 100
ex9 10404 40962 0 1.870000 NA NA 75425 81 42 81 81
f2000 4000 10500 50 0.110000 NA NA 10475255 1971 50 NA NA
go19 441 441 100 0.000000 0.000000 147 527525 86 0 84 84
hanoi5 3862 16399 50 0.120000 NA NA 11871831 1934 20 NA 1931
iis-100-0-cov 100 3831 100 0.020000 0.020000 59 33278 29 0 29 29
iis-bupa-cov 345 4803 100 0.030000 0.030000 129 16437 38 0 36 36
iis-pima-cov 768 7201 100 0.070000 0.070000 214 6806 35 0 33 33
m100n500k4r1 500 100 100 0.000000 0.000000 0 449501 -23 0 -24 -25
methanosarcina 7930 14604 100 0.150000 0.150000 5046 9835 5046 0 2916 NA
macrophage 2260 3164 100 0.030000 0.030000 609 35803 508 0 374 374
mspp16 29280 561657 50 51.390000 451 0 451 0 0 418 363
n3div36 22120 4484 100 4.540000 4.540000 480400 6160 480400 0 132800 130800
n3seq24 119856 6044 0 34.360000 841200 1465 841200 0 0 52200 52200
neos-1109824 1520 28979 0 0.180000 NA NA 70641 808 6 378 378
neos-1337307 2840 5687 50 0.070000 NA NA 694423 -201273 427 18 -202319
neos-1440225 1285 330 0 0.020000 NA NA 3484127 36 6 36 36
neos-1616732 200 1999 100 0.000000 0.000000 176 277059 159 0 161 159 
neos-1620770 792 9296 50 0.030000 NA NA 11363096 18 1 9 9
neos18 3312 11402 100 0.040000 0.040000 22 10196 22 0 16 16
neos-631710 167056 169576 0 21.280000 555 9978 555 0 0 203 203 
neos-777800 6400 479 50 0.230000 -80 14719 -80 0 0 -80 -80
neos808444 19846 18329 50 1.490000 NA NA 3933914 0 43 0 0
neos-849702 1737 1041 25 0.030000 NA NA 987431 0 17 NA 0
neos-941313 167910 13189 0 29.270000 NA NA 5668704 19010 10 9361 9361
netdiversion 129180 119589 0 23.980000 NA NA 9773710 5714768 20 400 242
ns1663818 124626 172017 0 44.190000 NA NA 0 0 165 NA 86
ns1688347 2685 4191 25 0.100000 NA NA 111441 35 6 270 27
ns1696083 7982 11063 0 0.610000 NA NA 61680 53 4 NA 45
ns1853823 213440 224526 100 3.270000 3.270000 504000 4041 504000 0 467000 NA
ns894236 9666 8218 50 0.090000 NA NA 1415963 18 35 NA NA
ns894244 21856 12129 25 0.860000 NA NA 983731 16 50 NA 15 
ns894786 27278 16794 50 0.380000 NA NA 1390731 14 29 NA NA
ns894788 3463 2279 50 0.030000 NA NA 1556360 7 16 NA 7
ns903616 21582 18052 25 0.900000 NA NA 783520 22 41 NA NA
opm2-z10-s2 6250 160633 100 0.750000 0.750000 0 1040 -9297 0 -24373 -33826
opm2-z11-s8 8019 223082 100 0.900000 0.900000 0 1097 -10921 0 -31311 -43485
opm2-z12-s14 10800 319508 100 1.520000 1.520000 0 1088 -14557 0 -43598 -64291
opm2-z12-s7 10800 319508 100 1.500000 1.500000 0 1408 -15398 0 -43139 -65514
opm2-z7-s2 2023 31798 100 0.110000 0.110000 0 4144 -3695 0 -10280 -10280
pb-simp-nonunif 23848 1451912 100 5.300000 5.300000 97 523 97 0 140 NA
protfold 1835 2112 25 0.040000 NA NA 880685 -14 3 -19 -31
p6b 462 5852 100 0.010000 0.010000 0 79578 -59 0 -63 -63
queens-30 900 960 100 0.090000 0.090000 0 3124 -38 0 -37 -40
ramos3 2187 2187 100 0.030000 0.030000 471 22563 258 0 255 NA
seymour 1372 4944 100 0.030000 0.030000 547 7780 446 0 424 423
sts405 405 27270 100 0.160000 0.160000 355 1786 347 0 347 NA
sts729 729 88452 100 0.490000 0.490000 661 253 652 0 651 NA
tanglegram1 34759 68342 100 2.320000 2.320000 7813 4899 7516 0 5182 5182
tanglegram2 4714 8980 100 0.080000 0.080000 2140 7175 2009 0 443 443
toll-like 2883 4408 100 0.030000 0.030000 1155 57839 931 0 627 610 
t1717 73885 551 0 30.290000 NA NA 96904 416368 25 238901 NA 
t1722 36630 338 50 7.540000 NA NA 81574 315879 33 136540 NA
vpphard2 199999 198450 0 2.990000 NA NA 189071 752 28 81 81
vpphard 51471 47280 0 1.380000 NA NA 294746 328 5 9 5
wnq-n100-mw99-14 10000 656900 50 4.370000 5987 781 2411 0 0 284 259 
