air04 196 80951 125
neos-1337307 126 -207732 21
neos-1620770 35 22 1
neos808444 148 0 53
neos-849702 228 0 27
ns1688347 87 35 7
ns894244 2228 16 69
ns894788 527 7 35
protfold 35 -11 2
ns1853823 9702 504000 0
ns894236 1980 18 51
ns894786 4721 14 49
ns903616 3094 22 56
pb-simp-nonunif 438 97 0
t1722 169 395517 35
air04 0 77268 62
neos-1337307 0 -201272 157
neos-1620770 0 10 0
neos808444 0 0 77
neos-849702 0 0 19
ns1688347 0 0 3
ns894244 0 1 91
ns894788 0 2 34
protfold 0 -13 0
ns1853823 0 504000 0
ns894236 0 4 46
ns894786 0 3 31
ns903616 0 1 75
pb-simp-nonunif 0 97 0
t1722 0 327820 27
